function color_scheme_npg = get_color()

% colormap {light red; light blue; green; blue; light pink; light purple; light green; red; golden; light brown}
color_scheme_npg = [0.9020 0.2941 0.2078; 0.3020 0.7333 0.8353; 0 0.6275 0.5294; 0.2353 0.3294 0.5333; 0.9529 0.6078 0.4980;...
                    0.5176 0.5686 0.7059; 0.5686 0.8196 0.7608; 0.8627  0     0; 0.4941 0.3804 0.2824; 0.6902 0.6118 0.5216;...
                    0.5700 0.6900 0.3000; 0.8900 0.8800 0.5700; 0.76  0.49 0.58; 0.4700 0.7600 0.8100; 0.2100 0.2100 0.3500;...
                    0.2800 0.5700 0.5400; 0.0700 0.3500 0.4000; 0.41  0.20 0.42; 0.6000 0.2400 0.1800; 0.7600 0.8400 0.6500;...
                    0.7700 0.1800 0.7800; 0.2100 0.3300 0.6400; 0.88, 0.17 0.56; 0.2000 0.6900 0.2800; 0.2600 0.1500 0.4700;...
                    0.83, 0.27, 0.44;0.87, 0.85, 0.42;0.85, 0.51, 0.87;0.99, 0.62, 0.76;0.52, 0.43, 0.87;0.00, 0.68, 0.92;...
                    0.26, 0.45, 0.77;0.98, 0.75, 0.00;0.72, 0.81, 0.76;0.77, 0.18, 0.78;0.28, 0.39, 0.44;0.22, 0.26, 0.24;...
                    0.64, 0.52, 0.64;0.87, 0.73, 0.78;0.94, 0.89, 0.85;0.85, 0.84, 0.86 ];
color_buff = rand(1000, 3);
color_scheme_npg = [color_scheme_npg;color_buff];
